271684943306
165408031872
767724656305
452881237581
441058136418
597318950094
439102411639
218157526845
170544941900
561271365325
37896550742
753518487782
128737439664
655432261142
811821505966
692797072784
248821177957
704493718337
5531512032
404498390927
807456382151
127194410470
795838892728
567444745898
45183886701
770580053618
359069601494
199483580790
651362658630
500660641497
383860201745
577378456467
569294248944
639602186069
850867739666
764907151434
842955652124
618647232823
167637186049
151894248686
177403685984
615193191624
206820617184
367572231532
650313936991
119097080935
586763380236
676084208278
550283362329
250171187743
745985458513
889526987471
664590611878
664462960217
291236429044
484724393600
859329843515
245375737494
489660101404
914581510298
430595066094
696711243473
79365455296
634690026577
227200668778
123651691692
192684167489
582747104100
801912595394
705525428662
729047148855
354854242295
16091410847
397516846030
39303411877
112042555889
356896095723
29515380050
53129570723
956215758571
309773607623
246901352676
711757652170
661526029566
122996875904
23714754481
678527978937
900039889340
194770763016
302448388273
161822989766
515075289060
674284442803
21375645973
373952295384
668086388175
91557426694
990217142801
693859348859
402353018190
